10 10
panchina 0 5 55.599999999999994
serpe2 0 8 49.28571428571429 35.546217044862374
dadi 1 2 55.599999999999994
scala3 2 3 46.76470588235295 0.0
serpe1 2 4 101.42857142857143 0.0
molla 3 1 55.599999999999994
scala1 3 7 46.470588235294116 -21.176470588235304
scala2 4 2 46.1764705882353 44.62184008430032
puntoInterrogativo 4 4 55.599999999999994
serpe5 4 7 97.67857142857143 0.0
serpe3 5 1 125.35714285714286 17.39495365559553
puntoInterrogativo 7 1 55.599999999999994
serpe4 7 7 102.85714285714286 0.0
scala4 8 3 42.64705882352941 -45.37815126050412
panchina 8 6 55.599999999999994
dadi 9 9 55.599999999999994
