10 10
scala1 0 2 46.470588235294116 18.151257619136487
serpe5 0 6 97.67857142857143 0.0
serpe1 0 8 101.42857142857143 0.0
serpe2 1 1 49.28571428571429 -84.70588857386295
scala3 1 7 46.76470588235295 -28.739497240851918
serpe1 2 2 101.42857142857143 0.0
scala2 3 0 46.1764705882353 -43.865540448357095
serpe4 3 6 102.85714285714286 0.0
scala1 4 5 46.470588235294116 18.151264831799395
serpe2 5 3 49.28571428571429 9.831934215641823
scala3 5 8 46.76470588235295 -27.22689364136771
serpe6 7 0 83.33023117960875 13.61344682068382
serpe3 7 6 125.35714285714286 -16.638654019652307
serpe5 8 5 97.67857142857143 46.134442241251946
scala4 8 6 42.64705882352941 -45.378154866835665